-4.33648 -8.32870  6.83805 : 75.75712
-4.38260  5.60323 -0.45489 : 21.75606
-5.61615  0.39196  7.01739 : 28.79059
 9.77154  0.18457  8.58885 : 93.89774
-5.66836  3.21857 -3.98064 : 44.94220
 5.83697  3.95842 -3.00403 : 45.96140
-8.29642 -1.10747 -7.48275 : 60.54367
-3.35676  4.37601 -1.73202 : 18.84719
-0.20003  4.39620 -1.48014 :  6.54700
-2.34047 -2.01071  3.55874 : 12.63340
-9.29676 -5.97961 -3.84726 : 63.42468
 7.32961 -5.74374  6.00870 : 88.23559
-0.67407 -7.01139 -1.10983 : -7.32707
-6.68667 -3.32556  3.65660 : 56.87182
 9.78903  6.83134  9.32212 : 32.14251
 3.25164 -0.31456 -4.29631 :  9.22170
-9.65302 -7.05929  0.17350 : 94.40558
 3.75570 -9.26762 -0.82111 :  6.49560
-8.76697 -0.81432  7.02525 : 82.58050
 7.58776  4.35751  5.55741 : 33.35756
 2.93902  6.35459  2.78314 : -9.04783
 5.26918 -8.86574 -3.97005 : -7.43316
 9.32460  7.51253  3.13160 : 63.42185
-7.57313  7.28055  0.20761 : 55.84080
 3.91128 -6.37433 -3.46534 : -6.79111
 7.23148 -4.66707 -8.24179 : 13.82925
 5.76687  3.91179  0.70826 : 30.48620
-7.91791 -9.89476 -3.00898 : 32.92015
 9.93450  9.29522  5.60562 : 46.58888
 8.66435  7.17173 -4.35909 : 106.33321
 2.61494 -4.90301 -7.20848 : -28.50533
 8.39063 -0.46742 -1.18425 : 69.84912
 4.18584 -3.91305 -0.12282 : 17.04061
 7.52955 -3.74915 -0.41110 : 55.15289
-1.39264  9.87098  5.78500 : -55.16412
-4.50893 -5.39795 -0.12638 : 19.64830
 9.79402 -1.55337  0.54464 : 96.76879
 5.76702  7.72199 -1.24502 : 42.87252
 5.44959  8.31049 -8.15506 : 97.47057
 0.19764 -3.84781  3.66246 : 14.13152
 2.94755 -6.05884  6.60390 : 48.69995
 4.52217  3.66372  2.06206 : 12.89520
 6.66898 -1.03593  3.50618 : 48.10751
-1.45500  4.79454 -5.91515 : 30.47745
-8.86683  7.88476  3.82527 : 48.45948
 4.90635 -2.67639  6.21474 : 40.70536
-3.55966  5.17260 -2.14393 : 23.76090
 6.43297  9.48630 -0.73219 : 48.32892
-4.76918 -6.95590  2.23889 : 38.31859
 4.64767  9.73947 -6.32449 : 83.19796
-0.12930 -5.57757  6.09739 : 34.02537
-1.37358 -9.43561  4.00177 : 39.64590
-4.01107  3.43134  9.62269 : -16.93008
-9.40823  8.27656  6.00995 : 38.77310
 2.97091 -8.25161  6.39362 : 61.58396
-2.49795 -8.76165 -9.07504 : -73.27265
 1.47717  1.51077  6.89609 : -8.23641
-9.66121  6.76774 -1.39222 : 102.76120
-3.34982 -3.55915 -9.94734 : -24.18274
 3.30474  8.34251 -5.21678 : 54.44238
-2.13287  4.89383  9.90817 : -43.93976
 8.76092  1.44900  0.42652 : 76.13572
 4.17213  5.17128  2.51740 :  4.38853
 4.74523  5.93880 -7.66640 : 68.04645
 4.76640 -3.70193 -5.80508 :  1.22853
 5.91984  5.79590  0.90745 : 29.78495
 7.81066 -7.10463  3.96613 : 89.18422
-7.01699  3.11145 -4.09682 : 61.98527
 8.73758 -2.57180 -8.49374 : 54.50108
 8.58470  1.79231 -2.97663 : 79.03213
 1.93463  0.03449  1.69853 :  3.68421
 6.87815 -3.34086  6.08402 : 67.63489
 3.45794  8.30411 -3.28098 : 39.20296
-2.91762 -6.37377  4.85255 : 39.44152
-0.37458  6.29672  7.93214 : -49.80615
 2.55599  3.74290  0.26814 :  5.52946
-1.55890 -7.99998 -7.19891 : -55.16091
-0.05119  8.33511 -2.43014 : 20.25814
-6.62661 -6.48866  3.70052 : 67.92344
 8.36630 -8.15143 -5.28794 : 26.89061
 3.30952  7.01750 -4.31882 : 41.26022
 1.05044  9.64203 -0.52291 :  6.14530
 4.53255 -2.23047  8.48329 : 39.46576
 1.68341  5.38027  7.09939 : -35.36274
-6.64593  2.84689  7.17632 : 23.73821
 4.59201 -9.51817 -8.05537 : -55.58580
-3.40218  9.36533 -6.04527 : 68.19082
-4.62253 -5.32195  1.93233 : 31.65155
-8.49075  8.42877 -3.16859 : 98.80010
 9.72855  8.32995  7.73596 : 30.20457
-5.75189  8.21327  9.56392 : -45.46681
 1.34806  7.28630  6.34051 : -44.38160
-8.26387 -8.63632 -4.13143 : 32.61122
 5.35423  2.13856 -8.29156 : 46.39983
 5.53284  2.45962  8.13920 : 10.59303
 3.84581  7.44195  1.76539 :  1.65232
 9.13918 -5.05693  7.09378 : 119.39741
-9.50165 -2.90724  9.26015 : 117.20282
 7.03060 -9.90471  4.75509 : 96.52703
 3.03088 -3.32443  7.93588 : 35.56849
-9.01511  6.32316  7.58793 : 33.29243
 8.93371  1.68035  9.25917 : 64.25258
 2.97828  5.76507 -9.78977 : 65.30881
 7.35372  8.13751 -8.18282 : 120.66489
 4.31909  8.35993 -4.48041 : 56.11050
 0.01536  5.55482 -1.93732 : 10.76173
 4.48624 -6.93089 -6.17152 : -22.64783
-2.22129 -2.29412 -5.65563 : -8.04058
-0.21350 -6.43750 -2.95970 : -19.00747
 9.57221  9.41997  1.65187 : 76.06670
 2.51582  2.23545  0.50828 :  5.19310
 1.41127  3.26453  9.78751 : -29.95990
-2.39792 -4.42670  4.28079 : 24.69980
-8.05528 -3.33591 -2.65174 : 56.04153
 1.87580 -2.30799 -1.44937 :  0.17350
-6.47427 -9.03131  5.35254 : 90.25659
-7.94738  6.90026  0.03233 : 62.93782
-1.91072  6.90110  8.21704 : -53.05576
 6.42952 -9.20369  5.32083 : 90.31002
 3.58092  2.05082  9.93068 : -7.54309
 3.92021  0.00686 -4.04660 : 15.39580
-8.35596  3.40208  3.27351 : 58.68529
 3.27726  6.24844  0.58939 :  7.05763
-8.78435 -4.79344 -5.03887 : 53.01131
 5.09019 -0.08363 -7.27696 : 25.30150
 6.73555 -5.19071 -3.57136 : 26.82970
 1.96305  2.64124  4.48395 : -7.98963
 6.79847  0.25506  1.10815 : 45.93657
 5.92364 -9.55301 -1.34943 : 22.19844
 2.95992  8.85106  3.54540 : -22.61938
-5.74992 -0.17041 -3.84963 : 32.40562
-4.78186  5.58275 -8.94637 : 72.81154
-6.02373 -9.03102  7.97285 : 108.28826
 8.66174 -1.18749 -8.22218 : 65.26200
-2.17368 -4.73973 -7.90775 : -32.75573
 2.72014 -3.78236  8.59204 : 39.89731
 0.15696  4.86988 -1.29954 :  6.35327
-5.79330 -0.03543  4.90334 : 33.73603
-6.61045  9.76232  1.65088 : 27.58173
 6.07343  0.79922 -1.58763 : 38.15546
-9.85181 -8.54565  2.61392 : 119.39576
-0.53429  7.73487  5.49883 : -42.24727
-0.68225  1.60234 -6.32131 : 10.59434
-1.94621 -4.71963  3.24420 : 19.09911
 7.55705  5.23483  8.01549 : 15.14919
-5.95989 -9.96965 -0.40811 : 31.45163
 5.24098  3.73724 -3.99279 : 42.38992
-1.93266 -8.62771 -9.59436 : -79.04218
-4.01125  3.63779  4.88174 : -1.66859
 4.01566  4.55674 -4.86708 : 38.30355
 6.83512  4.33184 -0.97796 : 50.95516
-1.29103  7.53408 -7.70823 : 59.74116
 4.45831  2.28226 -3.71802 : 28.36201
 7.06610  7.47731 -9.78979 : 123.13116
 1.40159 -7.74701  3.08228 : 25.84292
-2.58365 -4.30128  5.31652 : 29.54305
-9.67344 -8.03260 -4.31971 : 58.87694
 7.97735 -3.19044 -7.57033 : 39.48545
 2.12280  7.18556  3.89364 : -23.47168
-5.59632 -3.37333 -1.35414 : 26.75085
 4.79941 -0.27438  0.57391 : 23.19177
 9.83859 -4.67267 -9.62873 : 51.80597
 2.48092 -4.93944 -3.25220 : -9.90911
 6.35684  4.04186 -2.69345 : 51.29600
-0.46364 -9.19176  3.16783 : 29.33287
-3.50310 -9.42828  8.70300 : 94.32603
 8.74505 -4.60708 -3.81416 : 58.90378
-4.48927 -4.51803  1.37997 : 26.38828
 3.91353  0.42106 -3.70755 : 16.87680
 8.62963  3.38162  1.47147 : 69.49465
-7.60447  6.39195 -8.93009 : 114.90870
-1.12030 -4.22571 -5.77902 : -23.16539
 6.53885  3.03535  2.44900 : 35.32302
 1.68132  4.14266  8.59028 : -32.75974
 3.13560  7.02661 -0.10143 : 10.54467
 6.03178  5.35134 -0.67314 : 39.98464
-5.00436  7.18240  0.04569 : 24.71544
 7.66059 -0.73582 -0.41837 : 58.37684
-8.42054  5.32344  2.90678 : 55.43137
 4.52074 -4.50695  2.07743 : 29.79998
-9.95098 -1.24284  9.52594 : 110.86113
 7.80634  7.87218 -1.60085 : 73.54104
-6.58468 -3.70619 -9.71931 :  7.33652
 7.84564  4.61576  8.64715 : 21.64095
 6.54649  0.85118  9.79936 : 34.51552
-1.80238  9.56787  5.04452 : -45.01673
 5.13086 -8.66694  7.69711 : 93.03611
 3.21959  6.33180  5.08709 : -21.84468
 9.90742 -1.36434  1.69049 : 100.46344
-6.24806  8.96289  7.81749 : -31.02900
 0.08746  2.17626  9.01717 : -19.61602
-1.39306  7.99031 -6.48632 : 53.76831
-7.46545  1.88721 -5.79840 : 66.67580
-8.00500  6.93552  9.26582 : -0.18319
-6.87775  7.34543 -2.44958 : 65.29659
 1.34538  3.15691  5.06704 : -14.18614
-8.21699  0.15148 -4.24273 : 68.16156
 5.53807  9.42129  1.47328 : 16.79009
-7.00612 -6.58392  4.96408 : 81.76891
 6.22055 -4.73401  5.36280 : 64.08274
 8.28655 -5.39495  0.44962 : 71.09252
 5.89741  7.98804 -9.49405 : 110.61827
-7.68630  7.21395  0.53524 : 55.21805
-3.00679  7.60230  7.62784 : -48.94828
 9.47744 -6.31989  3.92305 : 114.61509
 6.38106  8.80318  7.03736 : -21.23314
-6.27192  7.49457  0.05514 : 38.92374
-2.11268  2.84746  8.07610 : -18.53299
 8.45580 -3.02752  7.14557 : 93.13387
-2.67220  3.28269  7.04619 : -15.98978
-4.83351  1.77355  7.96137 :  9.24297
 5.39037 -6.19525 -7.84151 : -19.52401
-1.58924 -4.44781  0.00535 :  2.54946
 2.76254  0.14179 -4.42836 :  8.25957
-9.63712  9.84038  3.20560 : 61.32971
 6.37084 -7.42021  3.93341 : 69.77429
 3.38137 -6.25905  4.04367 : 36.74322
 7.94924 -1.77421 -9.49368 : 46.34665
 5.83220  5.79835 -0.90538 : 39.26432
 6.38986 -8.54325  0.92106 : 48.69920
-5.03337  2.93209 -3.33570 : 35.11534
-7.74854 -4.23037 -8.06872 : 25.90625
 2.79707  3.05089 -6.16055 : 26.61875
 9.49554 -2.72133 -8.79441 : 66.23281
 6.18067  0.86231 -6.99853 : 44.23561
 7.01459 -6.14068 -2.83411 : 31.80115
 6.41936 -6.20294 -9.45526 : -17.44220
-2.09808 -0.59670 -1.90397 :  3.26583
 9.94643 -3.70814  6.01343 : 121.23009
-6.88252 -7.79211  4.71482 : 84.10752
-7.23659  8.93638 -8.11217 : 124.86163
 2.67370  2.95084 -5.77845 : 24.19999
-6.88712  7.67531 -6.49128 : 97.25496
-3.98501 -7.85815 -6.01848 : -31.41384
-0.11372  3.54981 -8.89453 : 31.58684
-3.42608  0.78254  0.94086 : 11.00175
 3.88861  7.20468  4.07098 : -14.20884
 5.59292  4.55777 -1.99846 : 40.38926
 1.15738 -5.88367 -2.94034 : -15.96043
 0.78199  4.31993 -2.58799 : 11.79145
-6.87262 -6.10447 -7.29557 :  2.69736
-7.37146  5.16022  3.13633 : 38.15430
-5.11386 -4.20248  8.82105 : 63.22193
 9.40026  3.89744 -4.57972 : 106.21404
-6.98831  0.40656 -5.25478 : 50.97286
 4.02229  4.24883 -9.79787 : 57.80826
-2.43120  5.44629 -7.33740 : 45.87229
 3.25095 -6.02149  0.23531 : 11.98559
-6.83456  0.05447 -9.66684 : 47.23781
-7.63040 -1.25597 -7.75845 : 48.47861
 0.31376  3.94920  7.93033 : -31.22004
-1.86525 -3.85369  5.92892 : 26.32742
 8.16476  7.96530  4.05802 : 34.34000
-8.23820 -7.50825 -3.15324 : 44.19254
 6.12655  5.92043 -1.49310 : 46.37435
 5.29993 -5.81495  5.00730 : 57.20651
-9.82081 -5.58309  4.94073 : 124.03289
-6.41236 -6.18326 -5.77029 :  5.43919
 9.36038  8.71121 -0.30261 : 90.25284
-8.23532 -0.82831  1.20540 : 68.81900
-7.91165 -4.76822  2.23926 : 73.27142
-8.56112  0.93889  5.25883 : 68.35523
 9.54760 -6.28024  6.79634 : 133.83937
 5.50140  5.64893 -1.74752 : 40.13699
 3.30990 -8.86665  4.04954 : 46.86128
 7.38519  7.21704  5.34939 : 15.93424
 5.26395  3.62282  4.21067 : 12.45466
-5.26599  8.92180 -8.57003 : 104.19077
 9.38621  3.54563  8.18019 : 59.09705
 3.19432  4.01418 -9.37943 : 47.85439
 3.23800 -2.51521 -4.30261 : -0.33732
 7.42607  8.25629  0.08101 : 54.47774
 6.44651  1.09471  2.12629 : 39.22982
 4.97668 -8.54790  9.29819 : 104.24738
-4.39762 -8.49266  7.35857 : 81.83292
 7.86170 -3.63257 -9.30231 : 28.01502
-1.74064 -3.87159  5.44834 : 24.12357
 1.28009 -7.66964  5.27455 : 42.09255
 4.70648  5.76116 -8.41335 : 70.62157
 3.81106  5.19822 -7.79872 : 55.06366
 3.82310 -7.98588  3.12784 : 39.59467
 2.98877 -0.67583  9.69178 : 15.48273
-9.20117 -4.64834  0.91722 : 88.92506
-0.53663 -7.49616  3.64672 : 27.62436
 4.60577  0.62125  3.38912 : 19.10763
-6.51144 -6.37569  0.21404 : 43.76351
-4.47059  9.60391 -5.72480 : 74.96670
 6.05800 -2.31575 -2.73924 : 30.35599
-0.05860  3.60330  7.05665 : -25.42381
-2.25983 -9.85417  3.61513 : 40.73098
-0.14360 -2.83801 -5.48528 : -15.54665
 8.74694  5.16955 -2.04381 : 87.07460
 2.97712 -2.45282 -5.51529 : -4.66471
 0.12200  2.93167  7.67298 : -22.47978
-1.70581  3.46645 -9.58997 : 36.15293
 6.45356 -9.50041  8.57381 : 123.10304
 5.81641 -2.58617 -0.63386 : 32.19137
-4.72046 -5.85606  3.97270 : 45.54712
 8.96917  7.15297 -5.41765 : 119.19823
-2.86984  8.91996  7.32374 : -57.09146
 5.07420 -6.86621  6.27783 : 68.85236
 8.78270 -7.80472  6.55189 : 128.27153
 8.36168 -7.03333 -1.91231 : 56.46788
 5.91519  6.23241  7.46231 : -11.51867
-9.53717 -1.61680 -7.09666 : 79.48371
-5.89149 -7.27807  9.83737 : 106.30677
 0.52865  6.97384 -4.70281 : 33.07611
 7.59497 -2.88751 -4.08578 : 45.88584
 7.81315  3.74719 -1.86063 : 68.01741
 4.63808 -0.04187 -6.43189 : 21.24249
-6.87693 -0.97706  7.49990 : 54.62010
-6.70945 -4.95083 -7.68480 :  6.97055
-1.16963  8.97986  7.18686 : -63.16904
 2.49927  9.18794  2.30755 : -14.95529
-1.10361 -0.59856  4.96753 :  4.19131
-6.40482 -4.30952 -2.98830 : 28.14360
 4.02591  3.26816 -5.58549 : 34.46218
 3.77189  6.46234 -0.00360 : 14.25046
-4.42511 -7.18811  8.61220 : 81.48696
 6.42061 -2.69846  9.18627 : 66.01300
 9.96554 -1.40803  4.21033 : 105.24029
 5.18205  5.21500 -2.04460 : 37.51617
 1.99061 -9.31313  3.50032 : 36.56142
-3.63362 -7.57604 -2.53316 : -5.98813
 8.32215  2.26922 -6.00869 : 82.89319
-8.22542  4.13143 -1.88612 : 75.44990
 6.79931  3.27318 -7.50834 : 70.80670
-1.76935  2.06607 -4.77257 : 12.99104
-8.03211  4.05806  2.39844 : 54.78174
-7.89528  7.80217 -2.63028 : 82.85726
 6.72122 -5.73646  3.09153 : 62.90928
 9.58672 -3.50287  8.77715 : 122.65029
 2.69150 -4.63964  1.05537 : 12.14075
-2.84379  0.20051 -4.19700 :  8.92866
-2.02625  9.52156  2.86368 : -23.16099
 2.57247 -2.97806  9.36200 : 34.49816
 6.63228 -0.09796  3.17531 : 44.29815
 5.15600  0.49681 -5.66507 : 29.39883
 6.85185  0.68241  8.38053 : 41.22887
-7.11739 -7.12652 -5.24895 : 13.25051
 3.06937  0.58511 -6.19284 : 13.04452
 5.91597  2.99946 -8.30977 : 59.92357
 4.69816  0.06155 -0.92202 : 22.12945
-8.07611 -2.33135 -9.95241 : 42.02103
 6.92899  9.31951 -2.12366 : 67.80231
-8.16539 -2.17002  6.59600 : 80.98706
 8.67291 -7.05194  5.27303 : 112.40452
-2.99532  6.96311  4.78684 : -24.35935
 5.44621  6.66831 -1.06428 : 36.75814
 4.13416 -8.80264  0.84891 : 24.56394
 6.37461 -2.28032  7.56155 : 57.87841
 9.30073  3.95926 -1.84581 : 93.81164
-5.36018 -4.52833 -7.83811 : -6.76207
 6.20710 -7.79866  9.00317 : 108.74075
 8.19453 -2.84451  3.93225 : 78.33573
-4.25184  5.25945  6.11219 : -14.06863
 2.01672  9.49369 -5.50788 : 56.35724
-2.79365  6.15639 -3.68993 : 30.52111
-2.95097  2.29322  0.98960 :  6.43885
 2.84211 -5.01377 -9.32092 : -38.65531
 7.40544 -1.71029 -1.90797 : 51.57732
-8.40207  4.65106  3.68268 : 53.46633
-1.86720  8.60206  3.20506 : -24.08368
 3.36084  5.46543 -8.26825 : 56.48482
-0.26077 -8.55596  5.44205 : 46.62993
 8.77926 -8.38305  6.69309 : 133.18394
-0.65050  6.40183 -9.81974 : 63.28738
-9.07318 -6.37802  1.20817 : 90.02833
-6.25070 -7.30888 -8.33161 : -21.82352
-3.13624 -9.81235 -6.51601 : -54.10139
 7.65324  2.47232  3.34612 : 50.29938
-4.86894  2.05247  5.09960 : 13.23979
 0.55858 -2.76223 -5.33827 : -14.43353
 0.30640 -9.94268 -3.32233 : -32.93897
 8.05327 -5.22437  9.29220 : 113.40105
 5.26374  1.49526  5.64478 : 19.26653
-5.79543  9.61196 -5.64643 : 87.86032
 2.07767  8.81191  3.78994 : -29.07994
-6.33436 -0.50312 -5.17302 : 37.52144
-0.82079  4.29927  0.50153 : -1.48251
-3.40681 -0.77902  4.54178 : 15.14447
-9.40186 -5.70776 -7.65179 : 44.72041
 5.94471 -1.57908 -3.99668 : 29.02856
-1.07565  3.88071 -0.95095 :  4.84740
-5.44737 -2.37151 -0.49550 : 28.49877
-7.39412  8.20058  8.04946 : -11.33728
-6.41673  3.39844  0.99572 : 37.79056
 8.01810  5.22521  0.07991 : 63.87236
 0.62240 -7.60809 -2.09224 : -15.53060
 0.52030  9.68188  7.91065 : -76.31925
-6.27656  9.99389 -1.99412 : 59.32425
-8.91496  3.30359  2.10699 : 72.51584
 9.08709 -0.28085  0.70132 : 82.77216
 3.50582  6.90759 -7.82151 : 66.31858
-3.15114 -8.60454  1.84424 : 25.79848
 8.09045  2.09664 -0.98957 : 67.53023
-2.99128  2.97784 -1.25767 : 12.69289
 7.69081 -1.74374  4.91068 : 67.71146
-7.45316 -4.08173 -1.07175 : 51.17499
 9.85284 -3.95878  6.36372 : 122.27113
 4.51570  1.27221 -2.82944 : 23.99118
-4.97691 -9.35372 -0.41103 : 20.92503
-1.94513  6.15121 -5.29503 : 36.35440
 2.49288 -9.38246 -2.34358 : -15.77405
-0.54130  7.42558 -1.05372 :  8.11751
-1.03010 -8.84690  3.65968 : 33.43790
 2.91552 -9.85955 -1.39071 : -5.21152
 4.88530 -1.88068  7.90524 : 38.73341
-0.04688 -2.88891 -2.28038 : -6.58560
-7.42755  2.90631  5.69160 : 38.62695
-1.19372 -2.81465  1.46241 :  5.54114
 1.21588  4.85720  8.36926 : -39.17282
 3.27863  0.44499  3.65844 :  9.12146
 7.28124 -3.20275 -8.94059 : 24.38208
-7.41600  8.27948 -6.49721 : 108.79049
 1.16357 -3.46063  4.09473 : 15.52425
 5.67186  8.39612 -1.42455 : 44.13073
 6.31924  6.90800  8.19665 : -16.68967
 6.74390 -3.02567 -4.39548 : 32.18087
 4.92357 -7.23932 -0.04162 : 23.94026
-9.71287 -1.89858 -9.12657 : 77.01243
 9.59024 -1.33543 -8.64330 : 80.43010
-6.85191  4.23965 -9.07782 : 85.43548
-3.09549 -4.48496 -3.33548 : -5.37739
 9.56262 -1.10003  8.11911 : 100.37501
-4.71748  1.62050 -9.73690 : 38.03329
-6.62701 -5.89789  9.83998 : 101.95239
 7.04269  6.69723 -5.68438 : 87.66907
 1.43898 -0.93431 -4.91706 : -2.52338
 5.10755 -5.34043  0.79876 : 30.35282
-6.09247 -4.37474  4.31265 : 55.98491
 1.09300  7.96086 -6.25058 : 50.95459
 3.09762  3.18241  1.02228 :  6.34189
 9.02797 -2.10285  2.72822 : 87.24130
 2.45057  0.60204  9.89560 :  0.04773
 8.37642  5.66047 -1.42701 : 78.24201
 9.08973  8.13412  5.38255 : 38.84088
-3.16438  5.99555  0.14247 :  9.15915
-4.92461 -2.03487  4.29867 : 32.99904
-7.28798 -5.02230  4.43876 : 75.40738
 6.89104 -6.93059 -2.73005 : 28.56551
-8.11107 -8.78745  3.56142 : 97.08518
-0.73831 -4.88915 -4.73271 : -22.59383
-9.45875  3.82694 -1.27970 : 94.36526
-9.48256  0.51224  5.81224 : 86.94175
-7.95446 -3.38448 -6.03580 : 42.84537
-1.35047 -9.16151  8.55570 : 80.20693
 8.10560  4.11911  6.67213 : 38.21760
-1.57850  1.31674  3.08641 : -1.57234
 6.16032  1.01444 -7.61473 : 45.67420
-6.11134  1.78772  6.79349 : 25.20364
 2.26568  8.70237 -1.65698 : 19.55292
 8.91226 -7.97706  7.53142 : 139.50699
-1.21495 -0.22516  0.83326 :  1.66371
 7.03839  9.16931 -6.86401 : 112.47717
 6.78073 -7.02097  8.78502 : 107.65763
-7.06960 -6.72381 -8.12253 : -4.63514
 0.74859 -9.25448 -8.37429 : -76.93930
 3.22382 -2.96886 -4.32669 : -2.45237
-0.86838  1.39451 -0.76460 :  1.82033
 5.66212  7.36674 -1.17020 : 40.68015
-5.05059 -9.54804  4.06313 : 64.30337
-9.09576 -0.16161  0.99293 : 82.89323
-4.91260  5.87352  0.86210 : 19.07005
-2.79227  1.33625 -0.92293 :  9.03002
 5.55571  0.37910  3.46268 : 29.55324
-5.26156  1.85166 -4.39952 : 35.83038
-0.23023 -7.84196 -3.66272 : -28.66990
 5.21461  8.05193 -9.95121 : 107.31865
-6.36116 -8.86898  9.63789 : 125.94273
-2.36110 -2.15809  7.28539 : 21.29731
 8.08432  1.93888 -3.02686 : 71.22488
 3.99511  3.19753  3.02202 :  6.29794
 9.67341 -1.20787 -3.96873 : 88.78116
-3.65275  9.87712  6.80636 : -53.88461
-4.69751  5.17385  2.85935 :  7.27271
-2.83417 -7.97783 -3.52493 : -20.08878
 8.55106  6.64726 -8.87745 : 132.13134
 8.56499 -0.57391  5.28615 : 76.39285
-3.74260  2.16911  7.29675 : -1.82045
 0.40762 -3.21633 -4.77419 : -15.18920
-0.58962  1.40404 -4.67872 :  6.91677
 4.86098  0.28048  2.04917 : 23.05440
-2.21714  6.22080 -2.79657 : 22.31259
 2.69273  7.76878 -8.25072 : 71.34886
 5.00471  3.33186 -7.64131 : 50.50696
 5.95993 -1.56335 -9.63713 : 20.45461
 3.68514  0.39634 -8.04846 : 16.77020
-2.93940 -9.54273  0.07889 :  9.39288
 2.49444  7.16354  6.65866 : -41.47736
 1.27120 -8.82131 -6.20092 : -53.08426
 4.85292 -5.50271 -2.38845 : 10.40785
-0.20271 -8.63221 -5.50647 : -47.49189
 6.68254 -8.82911 -6.80981 : -15.46817
-6.38559  7.76995 -6.98216 : 95.02689
-2.73184  8.78719  0.11366 :  6.46414
-5.49481 -2.37649 -2.77098 : 23.60773
 1.96618  1.93615 -4.42877 : 12.44063
 0.73727 -7.33275 -4.08242 : -29.39183
 2.06401  7.35226  8.47392 : -58.04236
-5.99457 -2.22631 -2.79790 : 29.70588
-7.20285  6.48484  0.22272 : 50.43673
 8.93351  5.70006 -6.99269 : 119.66641
 5.46769 -1.54395 -2.36476 : 26.24463
 4.16872  7.10964  6.37192 : -27.92384
-4.50502 -6.78280  0.08221 : 20.85288
-8.88932  2.05428  4.06721 : 70.66487
 3.37727  0.57302 -2.12806 : 12.62540
 8.24309  0.53714  2.69010 : 66.50362
 1.46432 -6.17437 -6.44262 : -37.63492
 2.89675 -3.22379 -8.18964 : -18.01059
 4.23925  6.06094 -7.64143 : 64.28548
-6.86167 -3.31229  9.32359 : 77.96486
-1.61631  1.39911 -7.04336 : 12.46687
-2.38771  5.69885  0.72476 :  1.57085
-2.00970  3.91568 -9.30286 : 40.46589
 4.35048  5.92069 -4.05145 : 42.91409
 8.00358 -8.97179  5.13759 : 110.15059
-2.46779 -4.66320  3.78910 : 23.75933
-6.47143  6.02312 -7.74842 : 88.54906
-9.46287 -3.87892 -8.96009 : 54.79044
 6.54484 -9.41887 -1.92896 : 24.66635
 8.72776  9.96334 -9.23284 : 168.16373
-9.02296  6.49545 -5.45478 : 116.84511
 6.93254 -9.85714  5.00558 : 97.40080
 4.30752 -5.09153 -6.74549 : -15.79013
-4.12280 -9.51385  1.74963 : 33.64322
 8.90578 -9.52293 -7.58117 :  7.11788
 5.97790 -8.39897  2.68658 : 58.29982
-3.48520  7.88416  8.23620 : -52.78898
 6.68561 -6.73088  8.49407 : 101.86992
-2.15291 -3.64837 -4.40369 : -11.43129
 7.53559  6.07110 -5.16677 : 88.15313
 9.52352 -3.44258  5.22261 : 108.67672
 4.40023  9.05709  8.00651 : -53.15367
-9.67138  5.83010  8.03070 : 46.71591
-0.63167 -8.70765  3.65357 : 32.21297
 6.50595  3.26390 -5.18173 : 59.24007
-0.57507 -1.18338  9.95937 : 12.11647
-5.67353  9.38221 -2.16920 : 52.54083
 7.72061  5.45382  4.54383 : 34.82652
 2.06890  4.88092  6.23310 : -26.14295
 3.06047 -8.04238  7.02862 : 65.89329
 4.37494 -0.46898  3.20209 : 20.64179
 5.70737 -1.93557  2.97443 : 38.33126
 4.56227 -6.56247 -1.99770 :  7.70447
 6.34530 -1.55663  6.51944 : 50.41114
 0.10718  2.35974  8.94223 : -21.08989
 9.86360 -1.55750 -1.98437 : 94.19992
 2.64029 -7.72508  1.67128 : 19.88186
-2.59056  2.53714  9.13746 : -16.47205
-5.72532 -3.57936 -8.35954 :  2.85745
-9.77995  5.12144 -7.57821 : 134.45879
 3.15443  0.72269  2.35942 :  8.24528
-5.64387 -9.07421  2.26116 : 52.37146
-0.05983  9.64614 -7.14181 : 68.89447
 0.57818  5.75017  3.10966 : -17.54676
 7.19494  9.04611 -9.16525 : 134.67700
-1.10607 -6.00084  9.36136 : 57.39940
-1.68594  6.95460 -1.30986 : 11.95193
-0.10659  9.88950 -1.59453 : 15.78049
 4.34859 -0.05448  1.01844 : 18.96573
-9.46221 -8.69384 -8.68810 : 14.00038
-1.75805  3.15194  9.25890 : -26.09277
 6.79571 -8.73156 -0.52110 : 41.63165
 4.87046  7.37803 -2.90202 : 45.13257
 3.82360 -3.16194  5.77757 : 32.88829
-1.00544 -4.20871 -1.21587 : -4.10634
 2.31437  1.22873  1.29741 :  3.76212
 6.33085 -1.39053 -1.35844 : 38.19073
-7.07831  6.85629 -4.58527 : 81.54034
-6.28230 -1.23314  8.46508 : 49.90598
-8.41647  8.50698  2.01181 : 53.72262
 6.40322  7.25239  0.08057 : 40.41688
 8.16556 -9.61620 -1.28047 : 54.36311
-8.42497  3.76795  1.32874 : 65.97345
 6.30714  5.07225 -2.97061 : 54.84765
 1.57834 -1.36589  0.87815 :  3.69063
-6.29200 -4.00266  3.94414 : 55.37629
 2.73693  1.64088  0.96155 :  5.91301
 2.09926 -6.38056  6.79416 : 47.75745
-1.47494 -9.97368 -2.54543 : -23.21188
 8.12602  3.49668  8.38211 : 36.72267
-7.89401  4.27163 -1.95180 : 70.65275
-0.26432 -3.21789  9.33062 : 30.09477
-3.76910 -7.16988  8.43618 : 74.69250
 3.64192  0.85528 -4.43671 : 17.05822
-1.21460 -9.63122  3.40909 : 34.30898
-5.10422  3.23440 -9.25692 : 55.99370
 8.94452  8.18515  2.42390 : 60.16452
 3.79679 -5.72132  2.45889 : 28.48374
 0.44171  7.81169 -8.78303 : 68.80540
 2.52620 -9.70606 -1.70026 : -10.12117
-8.45395  5.33323  5.15697 : 43.96602
 7.02918  5.50645 -8.58583 : 96.68685
 9.30942 -9.98844  1.01231 : 96.77662
 4.92704  5.08010 -5.15274 : 50.45215
 5.52692 -9.26307 -4.51920 : -11.31488
 7.98514 -9.22735  3.47755 : 95.85107
-3.22028 -9.75674  1.98469 : 29.73429
 9.70075 -3.35608 -1.74727 : 88.24060
-7.54298 -4.47407 -2.87529 : 44.03227
 7.09628  3.97100  4.10578 : 34.05319
-7.44238  4.92415 -9.67099 : 103.01040
-4.01055 -6.12331  6.09951 : 53.43369
-1.28470  6.28141 -8.65441 : 56.01235
-0.33769 -2.57248 -8.69778 : -22.26085
 0.73747 -0.85936  5.15022 :  4.96977
-7.16196 -6.36211  6.90481 : 95.22287
 6.45759 -6.88346 -2.98353 : 21.16347
-2.31998  5.89278 -1.19288 : 12.41167
-8.74846 -6.54684 -3.57778 : 53.11243
-6.07427 -0.33142  5.87882 : 38.84505
 5.25132 -2.60657  9.68130 : 52.81131
-8.46942  4.78253  8.03147 : 33.32032
 4.74059 -9.52400 -5.39812 : -28.93858
-8.68513 -3.60621 -2.36302 : 66.90999
 2.14183  6.84876 -1.63379 : 15.77686
 5.63180  4.65315 -1.80561 : 40.11898
-8.93986  2.56429  6.31177 : 63.73584
 0.76114 -6.63525  0.47379 :  3.72306
-3.95060  7.20670 -0.87852 : 21.93847
 6.32186 -1.94903  2.88271 : 45.58442
 2.02788  7.07636  0.88775 : -2.16977
 3.12883  0.15988  1.86289 :  9.49171
-1.10361  2.48405 -5.66722 : 15.29563
 1.62362  7.74215 -0.85689 :  9.27031
 6.09133  2.86164 -6.93760 : 56.95719
-9.27471 -5.19682  4.46267 : 109.21198
 5.31935  7.06712  0.64077 : 23.76703
 6.06118 -1.71162 -1.94954 : 33.40103
 8.63716  3.56848  3.46009 : 62.25334
 0.88298  2.21375 -6.94725 : 16.15917
-0.69291 -1.44018 -6.93711 : -9.51060
 3.52240  7.28841 -2.21764 : 28.57040
-8.57527 -6.82876  5.12523 : 108.53416
 7.05044 -4.88409  7.63456 : 86.99656
 1.50987  0.72146 -7.71480 :  7.84560
 1.29087  1.77853  3.45051 : -4.47051
-4.37360  9.01312  4.92849 : -25.29270
 1.68359  0.27617  7.77371 :  0.68763
 0.47359  7.29795 -5.26874 : 38.67526
 7.21119 -2.42019  4.25446 : 62.29784
-7.37404 -7.08963  4.93626 : 89.37273
-2.43173  6.89618 -8.25842 : 62.86485
 4.15496  6.43236  2.34935 :  2.15183
-9.38516  6.69085 -0.22407 : 89.58035
-3.54963  7.86476 -2.64227 : 33.38073
 7.93467  1.98463 -6.23488 : 75.33284
-8.54014 -2.68147 -4.81763 : 60.01564
-5.87363 -8.69213 -7.84322 : -33.67478
-2.66390 -8.40547  0.19389 :  8.72607
-5.83174  7.52284 -6.47810 : 82.74292
 6.62655 -1.86656 -1.45794 : 41.18979
-8.55743 -6.41618  3.62684 : 96.50017
 0.99961 -6.55671 -0.95777 : -5.28057
 2.56661  6.15390 -6.59520 : 47.17363
 3.29334  4.81332  1.83695 :  2.00426
 9.44328 -2.77852  5.37798 : 104.11834
 1.69958  7.90810 -4.16624 : 35.83561
 1.08302 -7.67520  9.58229 : 74.71887
 7.06510  5.13564  6.98338 : 14.05148
-6.65303  3.68109  1.76317 : 37.77237
 7.06933 -2.63882 -4.96891 : 36.86327
 9.42298 -7.42140 -3.16138 : 65.33071
 1.34157 -9.82360  7.95651 : 79.96136
-9.13980 -4.66609 -7.83230 : 46.98975
-9.62180  0.62663 -3.46340 : 94.74928
-9.27619 -6.04293  8.40215 : 136.82133
-0.62132 -6.73907 -8.85028 : -59.25660
-0.96382 -2.32746  2.21275 :  6.07903
 4.21761 -7.30473 -4.44454 : -14.67793
 0.67283  3.31465  6.58298 : -21.36759
-5.31733  8.94343  9.00338 : -52.24714
-1.95137  4.30114  5.82263 : -21.23611
 1.62054  3.51027  7.49900 : -23.69736
 4.16901  2.99723  2.73122 :  9.19455
 3.97459 -4.41415 -2.48780 :  4.81587
 2.63256 -4.72323  7.69234 : 43.26310
 8.46869  7.94840  1.74987 : 57.81010
 2.96269 -1.60193 -1.74401 :  5.98374
 5.38979  7.29410 -4.00563 : 58.26728
-6.75871 -8.40499 -5.57432 : -1.17197
-9.42920  6.54729 -8.42497 : 144.07062
-9.23289  5.72157 -2.78847 : 101.20068
 7.44423 -0.36743  4.56054 : 57.09228
-5.09178 -0.60630  0.72369 : 26.36504
 3.00701  7.49231 -6.81906 : 60.13266
-4.94031 -3.33700  6.08246 : 44.70385
 5.62022  6.76335  8.94691 : -28.92415
-2.82558 -1.56493  4.91804 : 15.68028
-3.12595  4.41600  1.35607 :  3.78315
 7.22787 -1.35559  6.93811 : 61.64730
 9.50039 -5.48647 -8.33674 : 44.51813
 0.24047  7.65420  2.73760 : -20.89635
-7.31680  8.24435 -7.68613 : 116.90275
 2.15743 -2.42328  2.00351 :  9.50958
-4.78040 -7.48910 -6.85556 : -28.48974
-4.57045 -6.56139 -8.69012 : -36.13031
-7.05558  6.27082 -9.72611 : 110.77187
 1.67444  7.62751 -4.18011 : 34.68761
-2.28242  4.69470  1.41550 : -1.43590
-4.21846  8.11640 -4.14327 : 51.42387
 0.73842  1.30186 -9.19139 : 12.51121
 4.20568  0.30746  7.06401 : 15.51585
-0.89076 -6.23261 -7.70860 : -47.25125
 3.31764  9.52502 -3.31497 : 42.58187
 2.70352  7.99972 -8.46246 : 75.00629
 1.99159 -6.31658  4.91848 : 35.03442
 4.18945 -4.63465  6.60634 : 48.16952
-9.81492 -1.44416  6.68868 : 105.99220
-1.45349  8.36152  7.89265 : -63.88191
-6.62669 -2.86573  9.97859 : 72.50889
 4.36906 -8.90188  0.26324 : 21.43207
-9.07202 -7.20938  8.65773 : 144.71841
-1.61769 -5.98378 -2.55928 : -12.69724
-4.24704 -5.89320 -4.06189 : -5.90018
-3.70455 -7.30891 -5.56850 : -26.97594
-3.94678 -9.17828 -6.42762 : -43.41740
 6.89151  5.68294  7.92213 :  2.47194
-1.73784 -9.65358  8.10259 : 81.23908
-0.24224  4.38088 -3.56667 : 15.68381
-0.73246  7.68716 -0.44215 :  3.93538
-4.60757  3.69314 -3.66558 : 34.76724
-9.89711 -4.05663  4.37913 : 115.71730
 5.66753  1.40190  1.31470 : 30.27782
-6.77560  3.73712  9.46640 : 10.53168
-6.66579  6.49757 -1.11181 : 51.65689
-3.14860 -3.61736 -5.36512 : -9.49388
-2.84688  4.79693  0.00705 :  8.07091
 5.43162 -1.69268  4.93506 : 37.85596
 7.47321  6.23586  3.41993 : 34.52270
 9.89927  5.04242 -2.42341 : 110.21545
 1.89300  8.59704  0.82338 : -3.49517
-7.30258 -1.37133 -7.66487 : 42.81665
-4.15040  4.57690  7.59312 : -17.52705
 2.76184 -5.60494  2.64301 : 22.44162
-8.63197  5.44631 -1.50373 : 82.70076
 6.87755  3.62028  4.76694 : 30.04303
-7.27387 -2.02439 -4.46032 : 43.87974
 2.24055 -7.17721 -0.45970 :  1.72069
-6.20576  0.35980  3.15515 : 37.37626
 7.34662  0.91757 -2.47659 : 56.24524
 6.73432 -6.33471  8.91285 : 101.81136
-7.28888  9.76453  2.45966 : 29.11041
 2.41947  5.08825 -1.58463 : 13.91684
 1.61987  0.79196 -9.39046 : 10.06082
-5.56909 -2.23673  4.12408 : 40.23918
-7.01996 -6.13557  1.59714 : 59.07926
 2.42451 -0.76492  3.17140 :  8.30410
 2.72851  1.42285  4.04117 :  1.69479
 7.44487  9.99445 -6.58502 : 121.23978
-2.72082  3.94712 -4.64124 : 25.72242
-7.79905 -9.63105 -0.85240 : 52.61574
 0.78885  7.34071 -7.21977 : 53.62051
 4.53027 -9.25756  6.14673 : 77.42700
-0.59126 -1.91997 -6.16811 : -11.49298
-0.00773 -6.09175 -6.97045 : -42.46217
 5.68540  8.32262 -7.04678 : 90.97146
 1.83701 -6.98611 -0.83949 : -2.49015
-2.27968  5.79514  2.32299 : -8.26515
-2.66568 -1.62860  9.82443 : 23.10587
-6.93295  7.15687  0.49629 : 44.51398
 4.09350 -3.56722 -1.47185 : 11.50635
 0.11393 -8.45840  6.59136 : 55.76532
-9.60784 -6.42051  2.90558 : 110.96598
 8.73722 -3.52648 -4.63973 : 59.97706
-2.97429 -3.73024  4.43733 : 25.39875
 3.81847 -1.96264 -5.02368 :  4.72098
 4.72110 -7.37345 -3.17720 : -1.13808
 3.14795  2.08005  2.64247 :  4.41308
 1.97185  8.66616  2.84969 : -20.80768
 4.43940  9.27923 -1.93061 : 37.62289
 0.96251 -2.62663 -5.29930 : -12.99289
 6.53971  4.33072 -7.36295 : 74.65470
-0.53518 -4.01410  3.89528 : 15.92248
 5.58222 -7.17141  8.14087 : 89.54269
-8.68312 -6.95339  4.05902 : 103.62049
-7.80573  8.64674 -1.93324 : 77.64576
-6.26048  5.31712  6.37753 :  5.28352
 3.16869 -8.78547  8.25327 : 82.54945
 9.75272  3.27225 -8.00257 : 121.30207
-7.43764 -4.47102 -6.92962 : 24.33599
-5.19617 -9.59902 -6.61706 : -36.51708
-2.43277 -0.04876 -9.26700 :  5.46654
-7.15627  2.76715 -7.13229 : 70.94837
-3.86557 -4.96516  3.55807 : 32.60898
 8.34710  0.13644  7.23632 : 68.68669
-3.71683 -0.24619  5.30519 : 15.12094
 2.74696 -3.68478  3.88826 : 21.87317
 6.06213  6.36567 -0.79365 : 41.80153
-4.41343  2.68189 -0.79558 : 21.61204
-9.34100 -3.09892 -8.73302 : 60.19121
 6.08601 -0.56227 -2.00989 : 35.90942
 0.83152 -9.66257  4.01279 : 39.46531
 3.08782  4.11177 -8.88842 : 46.08176
 3.74367 -8.80519 -2.90906 : -11.59976
 7.11171  3.13522 -4.06316 : 63.31526
-3.04611 -2.87540 -3.68690 : -1.32253
 5.30571  6.41133  8.96259 : -29.31151
 2.53103 -7.17816 -5.68588 : -34.40797
-4.03623 -0.77067  0.15996 : 16.41445
-7.38094  1.75485  1.92650 : 51.09751
-3.34884  6.05034 -2.72056 : 27.67506
-3.67258  1.42960  9.54045 : -0.15116
-5.89804  8.14267  6.70191 : -19.78450
 2.06974  5.40163 -4.88918 : 30.69339
-6.58180 -2.14650  5.66930 : 55.48927
-6.42543  3.38224  1.36459 : 36.67084
-6.37337 -8.60445 -2.94765 : 15.25695
 9.73957  2.48030  2.29791 : 89.15975
-5.90866  5.28211 -6.89740 : 71.34514
 9.34734 -5.70503  3.91772 : 109.72342
 1.15122  8.98636  0.04659 :  0.90666
-9.53651 -3.67232  0.21963 : 91.75151
 0.96080  0.05251 -0.20807 :  0.93407
-1.52357 -4.29913 -5.41897 : -20.97558
 5.51682  8.24188  8.89052 : -42.83934
 4.01032 -3.38992  9.42787 : 48.04237
-6.34456 -7.97047  9.53690 : 116.26710
-9.74876 -9.87626  5.69280 : 151.26194
-9.34115 -9.54678  7.58730 : 159.69135
 8.76392 -3.77109  5.88248 : 98.98968
 0.03995  3.10980 -6.94630 : 21.60317
-2.24467  5.31574 -0.17463 :  5.96683
 8.37721 -4.85423 -4.40639 : 48.78812
 2.92583  8.04701 -0.93112 : 16.05321
-5.17071  2.50446  5.42999 : 13.13709
 5.81322  1.93247  6.99961 : 20.26701
 2.98343 -5.17014  0.43142 : 11.13136
 9.63157 -2.63790 -3.04104 : 84.74508
-1.46014  7.28866  4.79900 : -32.84628
-5.56707 -3.77403 -8.60346 : -1.47743
 8.12711  4.35388 -5.45437 : 89.79760
-7.27976  0.27608  4.84696 : 51.65683
 8.75742  2.96800 -4.41145 : 89.78563
 7.25893  3.37173 -5.66553 : 71.79473
 6.52597  8.72793 -7.54494 : 108.44006
 0.67627  6.82177  3.22596 : -21.54943
 9.35130 -9.47446 -4.69984 : 42.91839
 5.01532  8.73267  2.90651 : -0.22814
-2.43904  7.50830 -1.83553 : 19.73060
-1.28753  2.64099  8.97015 : -22.03234
-6.85203  8.94973 -4.22580 : 84.77013
 7.95715  8.39442  7.36042 :  1.52974
-1.53859  8.92148 -8.24533 : 75.92782
 3.38707  3.85643 -5.98825 : 34.56549
 4.12258 -6.17830 -9.26906 : -40.27129
 4.15992 -4.28512  6.36592 : 44.58364
 8.73645  9.03437 -2.73098 : 100.99821
 0.36735  0.99629  8.44772 : -8.28140
 0.68412 -5.31472 -2.89500 : -14.91812
 0.00175  6.49361 -9.89590 : 64.26019
 6.41862 -7.38196  9.05283 : 108.02637
-8.38225  0.03195 -8.60858 : 70.53713
-9.11177  8.03808 -7.58421 : 143.98691
 7.31868 -0.71951 -0.40348 : 53.27272
 2.97102 -7.13410  5.54750 : 48.40339
 7.27404 -3.10316  3.83155 : 64.80160
-0.38733  8.57839 -7.28951 : 62.68228
-4.67342 -5.30879  2.49291 : 35.07518
 8.65149 -1.81479 -2.97402 : 69.45106
 2.19031  4.58382  3.66933 : -12.02210
 6.08968  1.93030 -7.44328 : 51.45204
-6.05479 -1.69740 -5.17634 : 27.87417
-3.92839  1.48158  8.59122 :  2.70366
-2.17408  1.67474  7.34949 : -7.58183
-3.47698 -7.80921  7.02241 : 66.92886
 2.90173 -8.39047  4.63076 : 47.27429
 2.52056  6.15574 -3.54470 : 28.17347
 7.19270 -8.18550  3.38257 : 79.42292
-5.29160  2.59340  3.93132 : 17.80558
 3.87981 -5.29372  3.36528 : 32.86779
-8.02801 -0.45554  9.49265 : 68.77327
-7.87330 -4.00060 -4.48266 : 44.05550
-9.83341  1.46173  4.46623 : 90.16747
-5.59605 -8.88049  6.46578 : 88.73501
 6.61942 -4.72851 -0.87895 : 39.66058
 5.18738  5.89600  6.77678 : -13.04698
-2.07896  6.77649 -1.03129 : 11.31061
-9.72476 -1.39573  7.53443 : 105.08699
 4.07627 -0.89211  4.01500 : 20.19779
-2.79956  2.29631 -1.61178 : 11.53868
 3.77707  1.53680  9.03500 :  0.38127
-2.05197  5.85002 -5.90016 : 38.72663
-7.92263  9.17253  3.37004 : 31.85633
-4.46117 -9.73590  4.27231 : 61.49685
-9.43785 -4.75463  1.40644 : 95.76015
-4.66192 -9.58425  2.77844 : 48.36279
-4.10823  3.68531  4.78984 : -0.77456
-3.61826 -4.01816  5.08023 : 33.50498
 9.34163  0.28601  4.37957 : 86.01355
 3.80154  4.67201 -7.25736 : 48.35815
-4.89723 -7.70493  3.60352 : 51.74766
-3.37942 -4.40530  1.88876 : 19.74101
 9.52103  4.50706 -0.29869 : 91.99631
-8.08152  8.21500 -4.90158 : 105.57743
-6.18681 -0.06383  9.62683 : 38.89105
 0.19614 -0.49140  2.61444 :  1.32321
-8.76712 -9.27070 -9.70704 : -13.12866
-5.30356  6.96022  4.09807 : -0.39568
-0.00215 -2.64945 -0.77272 : -2.04729
-6.77117  1.07007  0.16807 : 45.66884
-0.54663  1.18911 -3.41093 :  4.35476
 4.24247 -0.84420 -6.85473 : 12.21184
 4.09529  3.42517 -1.26977 : 21.12060
 8.53378 -3.88360  9.78289 : 110.81817
-4.88816 -7.04800  3.82609 : 50.86042
-2.40292 -5.72778  3.17234 : 23.94452
 0.87838 -9.71440 -1.09793 : -9.89412
 6.79095 -5.31644  5.94812 : 77.73978
 8.63720 -3.11727  8.47743 : 101.02776
 4.92975 -6.73536  6.53340 : 68.30724
 4.06287 -7.43382  2.78590 : 37.21679
 5.08793 -3.17298 -0.99376 : 22.73379
-2.14540 -9.72851  7.01627 : 72.86060
-0.20136 -2.91032  5.53050 : 16.13606
 5.99995 -1.30091 -0.31775 : 35.58606
 2.50409  0.91371 -5.34470 : 11.15395
-5.44100  8.20793  4.12937 : -4.28914
 0.61545 -8.86342  1.16722 : 10.72434
-9.76803  6.21727 -6.71829 : 137.18379
-6.86701 -4.43796 -3.79305 : 30.32239
-7.44038  1.71227 -1.75153 : 58.35837
-9.75107 -9.04848  9.09057 : 177.33916
-7.24661  7.70419  8.89879 : -16.04465
 1.83772 -7.49603  7.03218 : 56.09070
-0.92782  3.66748  9.05623 : -32.35274
 3.60008 -6.53006 -7.76469 : -37.74333
-6.95839 -6.83328 -0.20018 : 47.05128
-5.34935 -1.44493 -2.60345 : 24.85370
 0.72427 -1.34552 -7.18337 : -9.14080
 0.50340 -9.44103 -5.18669 : -48.71427
-2.96719  8.08371  5.72230 : -37.45319
 5.11940 -7.37143  5.85703 : 69.38292
-4.49042  6.30516  2.74092 :  2.88197
-8.47560  1.61143  1.21403 : 69.87951
-0.01065  6.55741  1.30394 : -8.55038
-7.88324 -3.21749 -0.32950 : 61.08526
-0.92945 -6.05247  5.16007 : 32.09506
-4.41426  7.76302  8.15731 : -43.83967
 6.82682 -5.29794 -5.38492 : 18.07647
-5.16839  8.57692  9.57277 : -55.39260
 2.11263  9.45251 -5.57626 : 57.17291
-9.56251  0.81283  6.97853 : 85.76919
-7.70954  7.54201 -8.45162 : 123.17913
-6.79387 -0.35291  1.35472 : 46.63473
 5.54217 -4.97652 -2.11741 : 20.17833
-2.46183 -7.26359  7.07505 : 57.45090
 3.87797 -7.95672 -8.20936 : -50.28089
-8.45135  5.93814  6.39959 : 33.42367
 7.59381 -5.98391 -7.05690 : 15.43806
 3.65102 -6.11351 -4.94895 : -16.92550
 1.72255 -9.67993  1.45355 : 17.03739
 7.77644 -3.86025  2.20601 : 68.98872
 7.90914  5.78732  5.79233 : 29.03245
 5.02509 -1.01988 -5.04824 : 20.10292
 3.77165 -9.84227  7.72100 : 90.21744
 8.32385 -5.79179 -5.07710 : 39.88089
-8.60799 -0.87406 -5.00062 : 69.72667
 7.73455 -1.59356 -6.19440 : 49.95214
-5.19320 -8.94227 -0.13318 : 25.77841
 4.80265 -2.79184 -5.49274 :  7.73054
 9.68123  8.41831  2.35155 : 73.93016
-4.64713  8.94038  1.27993 : 10.15274
-6.71459 -9.88902  8.08155 : 125.00439
 1.60922  3.75556  5.47692 : -17.97933
 4.20773  8.24621 -0.32415 : 20.37801
-1.59959 -2.84167 -4.64066 : -10.62853
-3.78849  5.44035  0.61979 : 10.98078
-6.32517  8.40370  0.69358 : 34.17906
-7.77958 -6.32319  2.37929 : 75.56654
-7.88583 -8.71156  0.03157 : 62.46128
 9.43839 -2.35994 -7.75422 : 70.78368
 0.09409  1.80846  6.19355 : -11.19197
 6.63144 -2.75216 -2.02032 : 38.41575
 2.82385  3.05291 -5.94769 : 26.13191
 4.09033  9.58442 -3.18547 : 47.26165
 7.52704  0.01990  1.27403 : 56.63105
 9.93465  9.99967 -0.01007 : 98.79803
-0.32866 -1.90259  7.57284 : 14.51602
 0.00567 -4.71598 -0.79744 : -3.76066
 1.09121  4.14311 -9.41610 : 40.20274
-0.67067  6.40175  2.02219 : -12.49578
 9.28282  8.63920 -1.28105 : 97.23801
 1.92078 -1.12492  9.22808 : 14.07025
-3.28321 -9.31724  4.06226 : 48.62849
-5.88733 -6.02893  0.21370 : 35.94900
 9.67602 -4.44173  7.67955 : 127.73577
 1.03693 -6.64285  7.92359 : 53.71043
-8.46178 -0.68303  3.10528 : 73.72266
 7.89898  2.62495 -6.37844 : 79.13697
 8.83171  5.00744 -8.87015 : 122.41595
 1.88678  6.53615  6.38496 : -38.17311
-8.76782  2.74122  4.29798 : 65.09286
-8.97136 -6.73952  0.50682 : 83.90098
 2.12562  7.30705  2.37264 : -12.81874
 6.53289  1.62157  6.54731 : 32.06172
-5.26925  6.28963 -2.82456 : 45.53045
 0.86254  4.16961 -4.23130 : 18.38684
