5930197949
5806637290
1911025163
6485957522
5934112300
5319739684
7428477409
2106443108
0147195394
8529521365
7649348168
3628280452
7845233521
9243058388
3825173104
4771779566
5099757171
4410585850
0471801329
2125194588
5316471846
0685299222
0439432072
9340993293
6653963130
6808376511
0902530577
2261356570
8052802017
6784098757
7088991118
6029928632
8170341696
3003134449
5304791686
4659978720
9220469929
8974183262
4171524628
1871869143
3703178171
3345022075
0177963340
8633204596
2181085317
7310682436
0292669393
7625574861
0684940018
9315413921
1021366151
2122515255
0840731428
4036238762
0220304736
7098275728
0097760386
5100605991
6020665240
9816450466
4044416457
5996915826
7732539887
4057625770
9543049793
2187288643
2629211236
4463452615
2244480024
9304962511
6824155261
1882682446
2877913894
7185239990
4358977529
2290931597
7728428825
2013078079
7625956411
5032634877
5482112413
8095878902
6735133045
8352268516
7453482943
8913803916
0936039538
3587446710
4378967722
0595581065
6749375701
2226755057
1384327759
5045224787
2303191376
9622617360
3067480044
1703653339
4489251973
1571161709
1239138061
